0.0666524
0.0842219
0.1001142
0.1148342
0.1286701
0.1418060
0.1543685
0.1664496
0.1781189
0.1894306
0.2004279
0.2111461
0.2216145
0.2318579
0.2418971
0.2517505
0.2614336
0.2709605
0.2803433
0.2895928
0.2987191
0.3077309
0.3166358
0.3254418
0.3341549
0.3427815
0.3513273
0.3597974
0.3681961
0.3765288
0.3847994
0.3930109
0.4011686
0.4092744
0.4173324
0.4253451
0.4333170
0.4412487
0.4491434
0.4570045
0.4648338
0.4726340
0.4804065
0.4881532
0.4958765
0.5035791
0.5112620
0.5189266
0.5265759
0.5342093
0.5418308
0.5494412
0.5570418
0.5646335
0.5722184
0.5797971
0.5873715
0.5949429
0.6025119
0.6100809
0.6176504
0.6252219
0.6327961
0.6403742
0.6479572
0.6555449
0.6631422
0.6707439
0.6783577
0.6859812
0.6936156
0.7012606
0.7089197
0.7165922
0.7242781
0.7319828
0.7397012
0.7474379
0.7551912
0.7629643
0.7707571
0.7785704
0.7864046
0.7942617
0.8021400
0.8100443
0.8179718
0.8259252
0.8339023
0.8419069
0.8499399
0.8580004
0.8660908
0.8742074
0.8823596
0.8905368
0.8987495
0.9069938
0.9152693
0.9235790
0.9319247
0.9403051
0.9487200
0.9571716
0.9656614
0.9741866
0.9827533
0.9913553
1.0000000
