0.0666524
0.0842219
0.1001142
0.1148342
0.1286701
0.1418060
0.1543685
0.1664496
0.1781189
0.1894306
0.2004279
0.2111461
0.2216145
0.2318579
0.2418971
0.2517505
0.2614336
0.2709605
0.2803433
0.2895928
0.2987191
0.3077309
0.3166358
0.3254418
0.3341549
0.3427815
0.3513273
0.3597974
0.3681961
0.3765288
0.3847994
0.3930109
0.4011686
0.4092744
0.4173324
0.4253451
0.4333170
0.4349064
0.4364945
0.4380803
0.4396652
0.4412487
0.4428303
0.4444109
0.4459899
0.4475679
0.4491434
0.4507189
0.4522925
0.4538643
0.4554352
0.4570045
0.4585731
0.4601405
0.4617061
0.4632708
0.4648338
0.4663960
0.4679573
0.4695172
0.4710760
0.4726340
0.4741904
0.4757458
0.4773005
0.4788537
0.4804065
0.4819577
0.4835075
0.4850572
0.4866055
0.4881532
0.4896993
0.4912451
0.4927899
0.4943336
0.4958765
0.5035791
0.5112620
0.5189266
0.5265759
0.5342093
0.5418308
0.5494412
0.5570418
0.5646335
0.5722184
0.5797971
0.5873715
0.5949429
0.6025119
0.6100809
0.6176504
0.6191649
0.6206782
0.6221935
0.6237086
0.6252219
0.6267372
0.6282507
0.6297652
0.6312806
0.6327961
0.6343119
0.6358265
0.6373421
0.6388570
0.6403742
0.6418903
0.6434057
0.6449233
0.6464393
0.6479572
0.6494736
0.6509917
0.6525091
0.6540270
0.6555449
0.6570638
0.6585826
0.6601013
0.6616210
0.6631422
0.6646616
0.6661812
0.6677033
0.6692245
0.6707439
0.6722675
0.6737903
0.6753124
0.6768354
0.6783577
0.6859812
0.6936156
0.7012606
0.7089197
0.7165922
0.7242781
0.7319828
0.7397012
0.7474379
0.7551912
0.7629643
0.7707571
0.7785704
0.7864046
0.7942617
0.8021400
0.8100443
0.8179718
0.8259252
0.8339023
0.8419069
0.8499399
0.8580004
0.8660908
0.8742074
0.8823596
0.8905368
0.8987495
0.9069938
0.9152693
0.9235790
0.9319247
0.9335974
0.9352728
0.9369470
0.9386247
0.9403051
0.9419853
0.9436657
0.9453485
0.9470343
0.9487200
0.9504067
0.9520978
0.9537858
0.9554797
0.9571716
0.9588665
0.9605612
0.9622596
0.9639604
0.9656614
0.9673646
0.9690677
0.9707723
0.9724782
0.9741866
0.9758961
0.9776061
0.9793204
0.9810376
0.9827533
0.9844716
0.9861907
0.9879115
0.9896314
0.9913553
0.9930834
0.9948071
0.9965395
0.9982690
1.0000000
