    0.0476190
    0.0490428
    0.0504665
    0.0518901
    0.0533135
    0.0547368
    0.0561598
    0.0575826
    0.0590050
    0.0604270
    0.0618487
    0.0632699
    0.0646905
    0.0661106
    0.0675301
    0.0689490
    0.0703672
    0.0717846
    0.0732012
    0.0746170
    0.0760319
    0.0774459
    0.0788589
    0.0802709
    0.0816818
    0.0830916
    0.0845002
    0.0859076
    0.0873138
    0.0887187
    0.0901222
    0.0915244
    0.0929251
    0.0943243
    0.0957220
    0.0971181
    0.0985126
    0.0999054
     0.101296
     0.102686
     0.104073
     0.105459
     0.106843
     0.108225
     0.109604
     0.110982
     0.112358
     0.113731
     0.115103
     0.116472
     0.117839
     0.119203
     0.120565
     0.121925
     0.123282
     0.124637
     0.125989
     0.127339
     0.128686
     0.130030
     0.131372
     0.132711
     0.134046
     0.135380
     0.136710
     0.138037
     0.139361
     0.140682
     0.142000
     0.143315
     0.144627
     0.145936
     0.147242
     0.148545
     0.149846
     0.151144
     0.152440
     0.153734
     0.155026
     0.156316
     0.157603
     0.158890
     0.160174
     0.161457
     0.162739
     0.164019
     0.165299
     0.166577
     0.167854
     0.169131
     0.170407
     0.171682
     0.172957
     0.174231
     0.175506
     0.176780
     0.178054
     0.179329
     0.180604
     0.181879
     0.183155
     0.184431
     0.185708
     0.186986
     0.188265
     0.189545
     0.190826
     0.192109
     0.193393
     0.194678
     0.195966
     0.197255
     0.198546
     0.199839
     0.201134
     0.202432
     0.203732
     0.205034
     0.206340
     0.207648
     0.208958
     0.210272
     0.211589
     0.212909
     0.214233
     0.215560
     0.216890
     0.218225
     0.219563
     0.220905
     0.222251
     0.223601
     0.224956
     0.226315
     0.227679
     0.229047
     0.230420
     0.231798
     0.233181
     0.234569
     0.235962
     0.237361
     0.238765
     0.240175
     0.241590
     0.243011
     0.244439
     0.245872
     0.247312
     0.248757
     0.250210
     0.251669
     0.253134
     0.254606
     0.256086
     0.257572
     0.259065
     0.260566
     0.262074
     0.263589
     0.265113
     0.266643
     0.268182
     0.269729
     0.271284
     0.272847
     0.274418
     0.275998
     0.277586
     0.279183
     0.280789
     0.282404
     0.284028
     0.285661
     0.287303
     0.288954
     0.290615
     0.292286
     0.293967
     0.295657
     0.297357
     0.299068
     0.300789
     0.302520
     0.304261
     0.306013
     0.307776
     0.309549
     0.311334
     0.313129
     0.314936
     0.316754
     0.318584
     0.320425
     0.322277
     0.324141
     0.326018
     0.327906
     0.329806
     0.331719
     0.333644
     0.335581
     0.337531
     0.339494
     0.341469
     0.343458
     0.345459
     0.347474
     0.349502
     0.351543
     0.353598
     0.355667
     0.357749
     0.359846
     0.361956
     0.364080
     0.366219
     0.368372
     0.370540
     0.372722
     0.374919
     0.377130
     0.379357
     0.381599
     0.383856
     0.386128
     0.388415
     0.390719
     0.393038
     0.395372
     0.397723
     0.400089
     0.402472
     0.404871
     0.407286
     0.409718
     0.412167
     0.414632
     0.417114
     0.419613
     0.422129
     0.424663
     0.427213
     0.429781
     0.432367
     0.434970
     0.437592
     0.440231
     0.442888
     0.445563
     0.448257
     0.450969
     0.453699
     0.456448
     0.459216
     0.462003
     0.464808
     0.467633
     0.470477
     0.473340
     0.476223
     0.479125
     0.482047
     0.484989
     0.487951
     0.490933
     0.493935
     0.496957
     0.500000
     0.503063
     0.506147
     0.509250
     0.512374
     0.515517
     0.518679
     0.521861
     0.525062
     0.528282
     0.531520
     0.534777
     0.538052
     0.541345
     0.544656
     0.547985
     0.551330
     0.554693
     0.558073
     0.561470
     0.564883
     0.568312
     0.571758
     0.575219
     0.578696
     0.582189
     0.585697
     0.589220
     0.592757
     0.596310
     0.599877
     0.603458
     0.607053
     0.610661
     0.614284
     0.617919
     0.621568
     0.625230
     0.628905
     0.632592
     0.636291
     0.640003
     0.643726
     0.647461
     0.651208
     0.654966
     0.658735
     0.662514
     0.666305
     0.670105
     0.673916
     0.677737
     0.681568
     0.685408
     0.689258
     0.693117
     0.696985
     0.700862
     0.704747
     0.708640
     0.712542
     0.716451
     0.720368
     0.724293
     0.728225
     0.732163
     0.736109
     0.740062
     0.744020
     0.747985
     0.751956
     0.755933
     0.759916
     0.763903
     0.767896
     0.771894
     0.775897
     0.779904
     0.783915
     0.787931
     0.791950
     0.795973
     0.800000
     0.804030
     0.808063
     0.812099
     0.816139
     0.820181
     0.824226
     0.828274
     0.832325
     0.836379
     0.840435
     0.844494
     0.848555
     0.852619
     0.856686
     0.860754
     0.864825
     0.868898
     0.872974
     0.877051
     0.881130
     0.885211
     0.889294
     0.893379
     0.897466
     0.901554
     0.905644
     0.909736
     0.913828
     0.917923
     0.922018
     0.926115
     0.930213
     0.934313
     0.938413
     0.942514
     0.946616
     0.950720
     0.954823
     0.958928
     0.963033
     0.967139
     0.971246
     0.975353
     0.979460
     0.983567
     0.987675
     0.991783
     0.995892
      1.00000
