0.0666524
0.0685077
0.0703382
0.0721452
0.0739298
0.0756930
0.0774360
0.0791595
0.0808646
0.0825518
0.0842219
0.0858757
0.0875137
0.0891365
0.0907448
0.0923389
0.0939194
0.0954868
0.0970415
0.0985838
0.1001142
0.1016330
0.1031407
0.1046374
0.1061236
0.1075994
0.1090654
0.1105216
0.1119683
0.1134057
0.1148342
0.1162540
0.1176652
0.1190680
0.1204627
0.1218495
0.1232285
0.1245998
0.1259638
0.1273205
0.1286701
0.1300128
0.1313486
0.1326778
0.1340004
0.1353166
0.1366266
0.1379304
0.1392281
0.1405199
0.1418060
0.1430863
0.1443610
0.1456302
0.1468940
0.1481525
0.1494058
0.1506539
0.1518970
0.1531352
0.1543685
0.1555970
0.1568207
0.1580398
0.1592543
0.1604644
0.1616701
0.1628713
0.1640684
0.1652610
0.1664496
0.1676341
0.1688145
0.1699909
0.1711635
0.1723321
0.1734969
0.1746580
0.1758152
0.1769689
0.1781189
0.1792655
0.1804084
0.1815479
0.1826840
0.1838165
0.1849459
0.1860719
0.1871946
0.1883142
0.1894306
0.1905438
0.1916540
0.1927611
0.1938652
0.1949662
0.1960642
0.1971595
0.1982517
0.1993413
0.2004279
0.2015118
0.2025929
0.2036712
0.2047469
0.2058200
0.2068902
0.2079582
0.2090234
0.2100860
0.2111461
0.2122038
0.2132590
0.2143117
0.2153620
0.2164100
0.2174554
0.2184987
0.2195396
0.2205782
0.2216145
0.2226487
0.2236805
0.2247102
0.2257377
0.2267630
0.2277861
0.2288072
0.2298263
0.2308431
0.2318579
0.2328707
0.2338815
0.2348903
0.2358970
0.2369019
0.2379046
0.2389056
0.2399048
0.2409017
0.2418971
0.2428905
0.2438820
0.2448719
0.2458599
0.2468461
0.2478303
0.2488130
0.2497939
0.2507729
0.2517505
0.2527261
0.2537002
0.2546725
0.2556434
0.2566124
0.2575798
0.2585455
0.2595099
0.2604725
0.2614336
0.2623929
0.2633511
0.2643075
0.2652624
0.2662158
0.2671675
0.2681179
0.2690670
0.2700143
0.2709605
0.2719048
0.2728481
0.2737898
0.2747301
0.2756690
0.2766066
0.2775428
0.2784777
0.2794110
0.2803433
0.2812739
0.2822034
0.2831315
0.2840585
0.2849840
0.2859082
0.2868313
0.2877531
0.2886734
0.2895928
0.2905110
0.2914274
0.2923433
0.2932576
0.2941707
0.2950829
0.2959935
0.2969031
0.2978119
0.2987191
0.2996253
0.3005303
0.3014339
0.3023371
0.3032387
0.3041393
0.3050390
0.3059372
0.3068346
0.3077309
0.3086260
0.3095200
0.3104134
0.3113051
0.3121961
0.3130862
0.3139750
0.3148632
0.3157499
0.3166358
0.3175210
0.3184049
0.3192878
0.3201697
0.3210507
0.3219309
0.3228100
0.3236883
0.3245654
0.3254418
0.3263173
0.3271919
0.3280651
0.3289377
0.3298094
0.3306803
0.3315502
0.3324194
0.3332878
0.3341549
0.3350215
0.3358871
0.3367517
0.3376157
0.3384788
0.3393410
0.3402022
0.3410628
0.3419227
0.3427815
0.3436398
0.3444970
0.3453535
0.3462093
0.3470644
0.3479182
0.3487720
0.3496242
0.3504764
0.3513273
0.3521778
0.3530274
0.3538761
0.3547240
0.3555713
0.3564178
0.3572640
0.3581092
0.3589537
0.3597974
0.3606401
0.3614824
0.3623239
0.3631650
0.3640050
0.3648448
0.3656835
0.3665220
0.3673595
0.3681961
0.3690324
0.3698681
0.3707027
0.3715373
0.3723704
0.3732034
0.3740358
0.3748675
0.3756985
0.3765288
0.3773584
0.3781879
0.3790165
0.3798439
0.3806715
0.3814984
0.3823247
0.3831499
0.3839747
0.3847994
0.3856228
0.3864461
0.3872690
0.3880904
0.3889123
0.3897330
0.3905536
0.3913732
0.3921924
0.3930109
0.3938291
0.3946469
0.3954639
0.3962804
0.3970962
0.3979117
0.3987267
0.3995411
0.4003553
0.4011686
0.4019813
0.4027937
0.4036057
0.4044169
0.4052280
0.4060380
0.4068477
0.4076570
0.4084658
0.4092744
0.4100821
0.4108900
0.4116968
0.4125030
0.4133093
0.4141147
0.4149196
0.4157247
0.4165286
0.4173324
0.4181361
0.4189386
0.4197409
0.4205431
0.4213446
0.4221457
0.4229463
0.4237466
0.4245460
0.4253451
0.4261447
0.4269432
0.4277411
0.4285384
0.4293360
0.4301333
0.4309294
0.4317254
0.4325215
0.4333170
0.4341115
0.4349064
0.4357003
0.4364945
0.4372872
0.4380803
0.4388732
0.4396652
0.4404570
0.4412487
0.4420399
0.4428303
0.4436209
0.4444109
0.4452004
0.4459899
0.4467788
0.4475679
0.4483555
0.4491434
0.4499316
0.4507189
0.4515059
0.4522925
0.4530781
0.4538643
0.4546498
0.4554352
0.4562198
0.4570045
0.4577892
0.4585731
0.4593567
0.4601405
0.4609235
0.4617061
0.4624882
0.4632708
0.4640524
0.4648338
0.4656151
0.4663960
0.4671772
0.4679573
0.4687375
0.4695172
0.4702968
0.4710760
0.4718547
0.4726340
0.4734121
0.4741904
0.4749686
0.4757458
0.4765235
0.4773005
0.4780771
0.4788537
0.4796297
0.4804065
0.4811817
0.4819577
0.4827325
0.4835075
0.4842828
0.4850572
0.4858318
0.4866055
0.4873800
0.4881532
0.4889262
0.4896993
0.4904722
0.4912451
0.4920183
0.4927899
0.4935622
0.4943336
0.4951057
0.4958765
0.4966478
0.4974188
0.4981897
0.4989599
0.4997303
0.5005004
0.5012706
0.5020404
0.5028098
0.5035791
0.5043483
0.5051173
0.5058856
0.5066546
0.5074230
0.5081906
0.5089594
0.5097267
0.5104942
0.5112620
0.5120295
0.5127963
0.5135629
0.5143299
0.5150966
0.5158631
0.5166287
0.5173954
0.5181603
0.5189266
0.5196923
0.5204578
0.5212233
0.5219879
0.5227532
0.5235176
0.5242828
0.5250473
0.5258110
0.5265759
0.5273392
0.5281036
0.5288680
0.5296305
0.5303940
0.5311574
0.5319206
0.5326843
0.5334471
0.5342093
0.5349721
0.5357352
0.5364979
0.5372602
0.5380219
0.5387846
0.5395455
0.5403078
0.5410693
0.5418308
0.5425928
0.5433540
0.5441149
0.5448769
0.5456373
0.5463986
0.5471599
0.5479201
0.5486812
0.5494412
0.5502014
0.5509625
0.5517228
0.5524828
0.5532422
0.5540020
0.5547622
0.5555220
0.5562822
0.5570418
0.5578008
0.5585603
0.5593199
0.5600787
0.5608382
0.5615971
0.5623567
0.5631158
0.5638743
0.5646335
0.5653917
0.5661502
0.5669089
0.5676677
0.5684268
0.5691845
0.5699439
0.5707009
0.5714595
0.5722184
0.5729766
0.5737344
0.5744919
0.5752495
0.5760079
0.5767661
0.5775231
0.5782814
0.5790394
0.5797971
0.5805545
0.5813126
0.5820697
0.5828273
0.5835845
0.5843420
0.5850993
0.5858574
0.5866147
0.5873715
0.5881288
0.5888860
0.5896429
0.5904008
0.5911574
0.5919146
0.5926712
0.5934294
0.5941865
0.5949429
0.5956995
0.5964574
0.5972135
0.5979705
0.5987276
0.5994849
0.6002419
0.6009978
0.6017558
0.6025119
0.6032690
0.6040260
0.6047836
0.6055393
0.6062967
0.6070540
0.6078100
0.6085671
0.6093250
0.6100809
0.6108379
0.6115948
0.6123532
0.6131093
0.6138660
0.6146234
0.6153796
0.6161376
0.6168937
0.6176504
0.6184077
0.6191649
0.6199220
0.6206782
0.6214356
0.6221935
0.6229506
0.6237086
0.6244654
0.6252219
0.6259793
0.6267372
0.6274934
0.6282507
0.6290092
0.6297652
0.6305230
0.6312806
0.6320386
0.6327961
0.6335537
0.6343119
0.6350694
0.6358265
0.6365840
0.6373421
0.6380994
0.6388570
0.6396160
0.6403742
0.6411325
0.6418903
0.6426484
0.6434057
0.6441639
0.6449233
0.6456807
0.6464393
0.6471975
0.6479572
0.6487151
0.6494736
0.6502333
0.6509917
0.6517504
0.6525091
0.6532679
0.6540270
0.6547860
0.6555449
0.6563050
0.6570638
0.6578237
0.6585826
0.6593420
0.6601013
0.6608613
0.6616210
0.6623819
0.6631422
0.6639014
0.6646616
0.6654220
0.6661812
0.6669425
0.6677033
0.6684639
0.6692245
0.6699841
0.6707439
0.6715064
0.6722675
0.6730281
0.6737903
0.6745500
0.6753124
0.6760734
0.6768354
0.6775961
0.6783577
0.6791205
0.6798817
0.6806435
0.6814068
0.6821692
0.6829311
0.6836932
0.6844560
0.6852185
0.6859812
0.6867447
0.6875079
0.6882696
0.6890341
0.6897972
0.6905603
0.6913239
0.6920876
0.6928516
0.6936156
0.6943803
0.6951432
0.6959071
0.6966723
0.6974367
0.6982014
0.6989664
0.6997305
0.7004955
0.7012606
0.7020262
0.7027918
0.7035581
0.7043236
0.7050889
0.7058543
0.7066197
0.7073865
0.7081541
0.7089197
0.7096867
0.7104536
0.7112205
0.7119867
0.7127538
0.7135223
0.7142895
0.7150562
0.7158248
0.7165922
0.7173606
0.7181275
0.7188963
0.7196657
0.7204335
0.7212033
0.7219725
0.7227404
0.7235092
0.7242781
0.7250492
0.7258187
0.7265893
0.7273582
0.7281291
0.7288990
0.7296689
0.7304399
0.7312109
0.7319828
0.7327526
0.7335247
0.7342951
0.7350672
0.7358385
0.7366112
0.7373833
0.7381559
0.7389279
0.7397012
0.7404739
0.7412460
0.7420193
0.7427926
0.7435674
0.7443408
0.7451145
0.7458887
0.7466621
0.7474379
0.7482121
0.7489852
0.7497617
0.7505356
0.7513121
0.7520875
0.7528624
0.7536377
0.7544140
0.7551912
0.7559681
0.7567443
0.7575218
0.7582970
0.7590761
0.7598519
0.7606294
0.7614082
0.7621855
0.7629643
0.7637425
0.7645218
0.7653007
0.7660787
0.7668584
0.7676384
0.7684167
0.7691979
0.7699777
0.7707571
0.7715371
0.7723168
0.7730998
0.7738807
0.7746604
0.7754430
0.7762241
0.7770058
0.7777890
0.7785704
0.7793537
0.7801349
0.7809183
0.7817022
0.7824857
0.7832680
0.7840526
0.7848362
0.7856213
0.7864046
0.7871886
0.7879756
0.7887586
0.7895448
0.7903297
0.7911156
0.7919034
0.7926887
0.7934755
0.7942617
0.7950475
0.7958365
0.7966239
0.7974115
0.7981986
0.7989874
0.7997747
0.8005635
0.8013529
0.8021400
0.8029291
0.8037186
0.8045085
0.8053001
0.8060890
0.8068803
0.8076715
0.8084616
0.8092524
0.8100443
0.8108351
0.8116284
0.8124201
0.8132126
0.8140051
0.8147981
0.8155915
0.8163846
0.8171774
0.8179718
0.8187656
0.8195598
0.8203548
0.8211505
0.8219435
0.8227394
0.8235357
0.8243326
0.8251282
0.8259252
0.8267212
0.8275180
0.8283158
0.8291132
0.8299101
0.8307074
0.8315050
0.8323051
0.8331030
0.8339023
0.8347027
0.8355018
0.8363016
0.8371019
0.8379007
0.8387017
0.8395021
0.8403048
0.8411059
0.8419069
0.8427086
0.8435114
0.8443151
0.8451171
0.8459209
0.8467232
0.8475281
0.8483306
0.8491365
0.8499399
0.8507436
0.8515488
0.8523553
0.8531608
0.8539679
0.8547735
0.8555787
0.8563862
0.8571923
0.8580004
0.8588086
0.8596163
0.8604254
0.8612338
0.8620413
0.8628510
0.8636595
0.8644692
0.8652786
0.8660908
0.8668989
0.8677114
0.8685222
0.8693341
0.8701444
0.8709570
0.8717697
0.8725825
0.8733951
0.8742074
0.8750223
0.8758355
0.8766493
0.8774645
0.8782789
0.8790940
0.8799104
0.8807238
0.8815418
0.8823596
0.8831744
0.8839918
0.8848083
0.8856251
0.8864441
0.8872615
0.8880807
0.8888995
0.8897177
0.8905368
0.8913584
0.8921760
0.8929971
0.8938180
0.8946389
0.8954595
0.8962814
0.8971034
0.8979262
0.8987495
0.8995719
0.9003951
0.9012182
0.9020418
0.9028662
0.9036925
0.9045159
0.9053413
0.9061663
0.9069938
0.9078191
0.9086463
0.9094737
0.9102990
0.9111257
0.9119548
0.9127837
0.9136106
0.9144419
0.9152693
0.9160999
0.9169295
0.9177579
0.9185896
0.9194193
0.9202516
0.9210822
0.9219145
0.9227473
0.9235790
0.9244134
0.9252448
0.9260811
0.9269127
0.9277478
0.9285827
0.9294184
0.9302522
0.9310882
0.9319247
0.9327604
0.9335974
0.9344339
0.9352728
0.9361092
0.9369470
0.9377861
0.9386247
0.9394643
0.9403051
0.9411435
0.9419853
0.9428248
0.9436657
0.9445092
0.9453485
0.9461930
0.9470343
0.9478777
0.9487200
0.9495632
0.9504067
0.9512523
0.9520978
0.9529408
0.9537858
0.9546331
0.9554797
0.9563242
0.9571716
0.9580185
0.9588665
0.9597151
0.9605612
0.9614112
0.9622596
0.9631099
0.9639604
0.9648092
0.9656614
0.9665105
0.9673646
0.9682161
0.9690677
0.9699207
0.9707723
0.9716267
0.9724782
0.9733340
0.9741866
0.9750417
0.9758961
0.9767534
0.9776061
0.9784640
0.9793204
0.9801789
0.9810376
0.9818934
0.9827533
0.9836117
0.9844716
0.9853301
0.9861907
0.9870488
0.9879115
0.9887725
0.9896314
0.9904941
0.9913553
0.9922178
0.9930834
0.9939457
0.9948071
0.9956729
0.9965395
0.9974023
0.9982690
0.9991344
1.0000000
