0.0666524
0.0756930
0.0842219
0.0923389
0.1001142
0.1075995
0.1148342
0.1218495
0.1286701
0.1353166
0.1418060
0.1481525
0.1543685
0.1604644
0.1664496
0.1723321
0.1781190
0.1838166
0.1894306
0.1949662
0.2004279
0.2058199
0.2111461
0.2164099
0.2216145
0.2267630
0.2318579
0.2369018
0.2418971
0.2468460
0.2517504
0.2566124
0.2614336
0.2662157
0.2709604
0.2756691
0.2803432
0.2849840
0.2895928
0.2941708
0.2987191
0.3032387
0.3077308
0.3121962
0.3166359
0.3210508
0.3254418
0.3298096
0.3341550
0.3384787
0.3427816
0.3470642
0.3513273
0.3555714
0.3597973
0.3640053
0.3681963
0.3723706
0.3765289
0.3806716
0.3847992
0.3889122
0.3930111
0.3970964
0.4011684
0.4052276
0.4092744
0.4133093
0.4173325
0.4213445
0.4253456
0.4293363
0.4333167
0.4372874
0.4412486
0.4452006
0.4491438
0.4530784
0.4570048
0.4609232
0.4648340
0.4687374
0.4726337
0.4765232
0.4804061
0.4842826
0.4881531
0.4920177
0.4958768
0.4997305
0.5035791
0.5074228
0.5112618
0.5150964
0.5189267
0.5227530
0.5265755
0.5303944
0.5342098
0.5380221
0.5418312
0.5456376
0.5494413
0.5532425
0.5570415
0.5608383
0.5646332
0.5684263
0.5722179
0.5760080
0.5797969
0.5835846
0.5873714
0.5911575
0.5949429
0.5987279
0.6025125
0.6062970
0.6100814
0.6138660
0.6176509
0.6214362
0.6252220
0.6290086
0.6327960
0.6365843
0.6403738
0.6441645
0.6479566
0.6517502
0.6555455
0.6593424
0.6631413
0.6669422
0.6707453
0.6745506
0.6783583
0.6821685
0.6859813
0.6897969
0.6936153
0.6974367
0.7012612
0.7050889
0.7089199
0.7127544
0.7165924
0.7204340
0.7242794
0.7281287
0.7319820
0.7358394
0.7397009
0.7435668
0.7474371
0.7513119
0.7551913
0.7590754
0.7629643
0.7668582
0.7707571
0.7746611
0.7785703
0.7824849
0.7864049
0.7903304
0.7942615
0.7981983
0.8021409
0.8060895
0.8100440
0.8140047
0.8179715
0.8219446
0.8259241
0.8299100
0.8339025
0.8379017
0.8419076
0.8459204
0.8499400
0.8539667
0.8580005
0.8620415
0.8660898
0.8701455
0.8742086
0.8782793
0.8823576
0.8864436
0.8905375
0.8946392
0.8987490
0.9028668
0.9069928
0.9111270
0.9152696
0.9194205
0.9235800
0.9277481
0.9319248
0.9361103
0.9403046
0.9445079
0.9487201
0.9529415
0.9571720
0.9614118
0.9656609
0.9699195
0.9741875
0.9784651
0.9827525
0.9870495
0.9913564
0.9930819
1.0000000
